{
 "cells": [
  {
   "cell_type": "code",
   "execution_count": 1,
   "metadata": {},
   "outputs": [],
   "source": [
    "%matplotlib inline\n",
    "import seaborn as sns\n",
    "import matplotlib.pyplot as plt\n",
    "import numpy as np\n",
    "import torch\n",
    "from scipy.stats import spearmanr"
   ]
  },
  {
   "cell_type": "code",
   "execution_count": 2,
   "metadata": {},
   "outputs": [],
   "source": [
    "influence_dict = torch.load(\"GC_per_layer_outputs/influence_dict.pt\")"
   ]
  },
  {
   "cell_type": "code",
   "execution_count": 3,
   "metadata": {},
   "outputs": [],
   "source": [
    "correlations = []\n",
    "for i in range(1):\n",
    "    influence = np.stack([influence_dict[j][i] for j in range(12)])\n",
    "    correlation, _ = spearmanr(influence)\n",
    "    correlations.append(correlation)"
   ]
  },
  {
   "cell_type": "code",
   "execution_count": null,
   "metadata": {},
   "outputs": [],
   "source": [
    "plt.imshow(correlations[0], cmap='hot', interpolation='nearest')\n",
    "plt.show()"
   ]
  },
  {
   "cell_type": "code",
   "execution_count": 9,
   "metadata": {},
   "outputs": [
    {
     "name": "stdout",
     "output_type": "stream",
     "text": [
      "1.0 \t\n",
      "0.32 \t\n",
      "-0.57 \t\n",
      "-0.05 \t\n",
      "-0.39 \t\n",
      "0.25 \t\n",
      "0.61 \t\n",
      "-0.1 \t\n",
      "0.12 \t\n",
      "-0.11 \t\n",
      "-0.17 \t\n",
      "0.3 \t\n",
      "\n",
      "0.32 \t\n",
      "1.0 \t\n",
      "-0.39 \t\n",
      "0.3 \t\n",
      "0.0 \t\n",
      "-0.26 \t\n",
      "0.41 \t\n",
      "-0.42 \t\n",
      "-0.25 \t\n",
      "-0.63 \t\n",
      "0.01 \t\n",
      "0.08 \t\n",
      "\n",
      "-0.57 \t\n",
      "-0.39 \t\n",
      "1.0 \t\n",
      "0.23 \t\n",
      "0.37 \t\n",
      "-0.28 \t\n",
      "-0.23 \t\n",
      "0.14 \t\n",
      "0.12 \t\n",
      "0.37 \t\n",
      "0.68 \t\n",
      "-0.23 \t\n",
      "\n",
      "-0.05 \t\n",
      "0.3 \t\n",
      "0.23 \t\n",
      "1.0 \t\n",
      "-0.06 \t\n",
      "-0.41 \t\n",
      "-0.18 \t\n",
      "0.39 \t\n",
      "0.43 \t\n",
      "-0.09 \t\n",
      "-0.15 \t\n",
      "-0.76 \t\n",
      "\n",
      "-0.39 \t\n",
      "0.0 \t\n",
      "0.37 \t\n",
      "-0.06 \t\n",
      "1.0 \t\n",
      "-0.22 \t\n",
      "0.27 \t\n",
      "-0.6 \t\n",
      "-0.74 \t\n",
      "-0.21 \t\n",
      "0.24 \t\n",
      "-0.01 \t\n",
      "\n",
      "0.25 \t\n",
      "-0.26 \t\n",
      "-0.28 \t\n",
      "-0.41 \t\n",
      "-0.22 \t\n",
      "1.0 \t\n",
      "0.0 \t\n",
      "-0.13 \t\n",
      "0.16 \t\n",
      "0.25 \t\n",
      "-0.23 \t\n",
      "0.28 \t\n",
      "\n",
      "0.61 \t\n",
      "0.41 \t\n",
      "-0.23 \t\n",
      "-0.18 \t\n",
      "0.27 \t\n",
      "0.0 \t\n",
      "1.0 \t\n",
      "-0.74 \t\n",
      "-0.38 \t\n",
      "-0.16 \t\n",
      "0.18 \t\n",
      "0.46 \t\n",
      "\n",
      "-0.1 \t\n",
      "-0.42 \t\n",
      "0.14 \t\n",
      "0.39 \t\n",
      "-0.6 \t\n",
      "-0.13 \t\n",
      "-0.74 \t\n",
      "1.0 \t\n",
      "0.73 \t\n",
      "0.25 \t\n",
      "-0.24 \t\n",
      "-0.48 \t\n",
      "\n",
      "0.12 \t\n",
      "-0.25 \t\n",
      "0.12 \t\n",
      "0.43 \t\n",
      "-0.74 \t\n",
      "0.16 \t\n",
      "-0.38 \t\n",
      "0.73 \t\n",
      "1.0 \t\n",
      "0.39 \t\n",
      "-0.17 \t\n",
      "-0.34 \t\n",
      "\n",
      "-0.11 \t\n",
      "-0.63 \t\n",
      "0.37 \t\n",
      "-0.09 \t\n",
      "-0.21 \t\n",
      "0.25 \t\n",
      "-0.16 \t\n",
      "0.25 \t\n",
      "0.39 \t\n",
      "1.0 \t\n",
      "0.18 \t\n",
      "-0.19 \t\n",
      "\n",
      "-0.17 \t\n",
      "0.01 \t\n",
      "0.68 \t\n",
      "-0.15 \t\n",
      "0.24 \t\n",
      "-0.23 \t\n",
      "0.18 \t\n",
      "-0.24 \t\n",
      "-0.17 \t\n",
      "0.18 \t\n",
      "1.0 \t\n",
      "0.25 \t\n",
      "\n",
      "0.3 \t\n",
      "0.08 \t\n",
      "-0.23 \t\n",
      "-0.76 \t\n",
      "-0.01 \t\n",
      "0.28 \t\n",
      "0.46 \t\n",
      "-0.48 \t\n",
      "-0.34 \t\n",
      "-0.19 \t\n",
      "0.25 \t\n",
      "1.0 \t\n",
      "\n"
     ]
    }
   ],
   "source": []
  },
  {
   "cell_type": "code",
   "execution_count": 7,
   "metadata": {},
   "outputs": [
    {
     "data": {
      "text/plain": [
       "array([[ 1.        ,  0.32167832, -0.57342657, ...,  0.54545455,\n",
       "        -0.62937063, -0.44755245],\n",
       "       [ 0.32167832,  1.        , -0.3986014 , ...,  0.0979021 ,\n",
       "        -0.30769231, -0.51048951],\n",
       "       [-0.57342657, -0.3986014 ,  1.        , ..., -0.58041958,\n",
       "         0.55244755,  0.31468531],\n",
       "       ...,\n",
       "       [ 0.54545455,  0.0979021 , -0.58041958, ...,  1.        ,\n",
       "        -0.60839161,  0.06993007],\n",
       "       [-0.62937063, -0.30769231,  0.55244755, ..., -0.60839161,\n",
       "         1.        ,  0.15384615],\n",
       "       [-0.44755245, -0.51048951,  0.31468531, ...,  0.06993007,\n",
       "         0.15384615,  1.        ]])"
      ]
     },
     "execution_count": 7,
     "metadata": {},
     "output_type": "execute_result"
    }
   ],
   "source": [
    "correlations[0]"
   ]
  },
  {
   "cell_type": "code",
   "execution_count": null,
   "metadata": {},
   "outputs": [],
   "source": []
  }
 ],
 "metadata": {
  "kernelspec": {
   "display_name": "Python 3",
   "language": "python",
   "name": "python3"
  },
  "language_info": {
   "codemirror_mode": {
    "name": "ipython",
    "version": 3
   },
   "file_extension": ".py",
   "mimetype": "text/x-python",
   "name": "python",
   "nbconvert_exporter": "python",
   "pygments_lexer": "ipython3",
   "version": "3.8.3"
  }
 },
 "nbformat": 4,
 "nbformat_minor": 4
}
